{
 "cells": [
  {
   "cell_type": "code",
   "execution_count": 1,
   "metadata": {},
   "outputs": [],
   "source": [
    "import numpy as np\n",
    "import pandas as pd\n",
    "from scipy.stats import gmean\n",
    "from sklearn.cluster import KMeans, k_means\n",
    "from sklearn.metrics import r2_score, explained_variance_score, confusion_matrix, accuracy_score, classification_report\n",
    "import matplotlib.pyplot as plt"
   ]
  },
  {
   "cell_type": "markdown",
   "metadata": {},
   "source": [
    "# Dataset"
   ]
  },
  {
   "cell_type": "code",
   "execution_count": 2,
   "metadata": {},
   "outputs": [],
   "source": [
    "#Let's bring the full dataset\n",
    "\n",
    "df = pd.read_csv(r'C:\\Users\\ctayl\\Desktop\\Malartic\\Python\\Malartic_geochem_majoroxides_redone.csv')"
   ]
  },
  {
   "cell_type": "code",
   "execution_count": 3,
   "metadata": {
    "scrolled": true
   },
   "outputs": [
    {
     "data": {
      "text/html": [
       "<div>\n",
       "<style scoped>\n",
       "    .dataframe tbody tr th:only-of-type {\n",
       "        vertical-align: middle;\n",
       "    }\n",
       "\n",
       "    .dataframe tbody tr th {\n",
       "        vertical-align: top;\n",
       "    }\n",
       "\n",
       "    .dataframe thead th {\n",
       "        text-align: right;\n",
       "    }\n",
       "</style>\n",
       "<table border=\"1\" class=\"dataframe\">\n",
       "  <thead>\n",
       "    <tr style=\"text-align: right;\">\n",
       "      <th></th>\n",
       "      <th>Sample_ID</th>\n",
       "      <th>Oxidation</th>\n",
       "      <th>X</th>\n",
       "      <th>Y</th>\n",
       "      <th>Year</th>\n",
       "      <th>Type</th>\n",
       "      <th>Sample</th>\n",
       "      <th>Al2O3</th>\n",
       "      <th>CaO</th>\n",
       "      <th>Fe2O3</th>\n",
       "      <th>...</th>\n",
       "      <th>MgO</th>\n",
       "      <th>MnO</th>\n",
       "      <th>Na2O</th>\n",
       "      <th>P2O5</th>\n",
       "      <th>TiO2</th>\n",
       "      <th>Depth_m</th>\n",
       "      <th>Grain_size_group</th>\n",
       "      <th>Distance_to_pit_m</th>\n",
       "      <th>Underlying Bedrock</th>\n",
       "      <th>Bedrock_detail</th>\n",
       "    </tr>\n",
       "  </thead>\n",
       "  <tbody>\n",
       "    <tr>\n",
       "      <th>0</th>\n",
       "      <td>001a</td>\n",
       "      <td>Slight</td>\n",
       "      <td>712587</td>\n",
       "      <td>5331728</td>\n",
       "      <td>2016</td>\n",
       "      <td>Surface</td>\n",
       "      <td>Surface (2016)</td>\n",
       "      <td>13.3</td>\n",
       "      <td>3.82</td>\n",
       "      <td>3.43</td>\n",
       "      <td>...</td>\n",
       "      <td>1.82</td>\n",
       "      <td>0.055</td>\n",
       "      <td>3.78</td>\n",
       "      <td>0.168</td>\n",
       "      <td>0.639</td>\n",
       "      <td>0.35</td>\n",
       "      <td>Medium</td>\n",
       "      <td>2725.103005</td>\n",
       "      <td>Meta-sedimentary</td>\n",
       "      <td>Wacke, mudrock et schiste</td>\n",
       "    </tr>\n",
       "    <tr>\n",
       "      <th>1</th>\n",
       "      <td>004a</td>\n",
       "      <td>Slight</td>\n",
       "      <td>706551</td>\n",
       "      <td>5333381</td>\n",
       "      <td>2016</td>\n",
       "      <td>Surface</td>\n",
       "      <td>Surface (2016)</td>\n",
       "      <td>14.2</td>\n",
       "      <td>3.56</td>\n",
       "      <td>3.52</td>\n",
       "      <td>...</td>\n",
       "      <td>1.64</td>\n",
       "      <td>0.052</td>\n",
       "      <td>3.69</td>\n",
       "      <td>0.162</td>\n",
       "      <td>0.645</td>\n",
       "      <td>0.10</td>\n",
       "      <td>Medium</td>\n",
       "      <td>6689.690932</td>\n",
       "      <td>Meta-sedimentary</td>\n",
       "      <td>Wacke, mudrock et schiste</td>\n",
       "    </tr>\n",
       "    <tr>\n",
       "      <th>2</th>\n",
       "      <td>005a</td>\n",
       "      <td>Slight</td>\n",
       "      <td>706274</td>\n",
       "      <td>5325153</td>\n",
       "      <td>2016</td>\n",
       "      <td>Surface</td>\n",
       "      <td>Surface (2016)</td>\n",
       "      <td>13.0</td>\n",
       "      <td>3.42</td>\n",
       "      <td>3.06</td>\n",
       "      <td>...</td>\n",
       "      <td>1.61</td>\n",
       "      <td>0.052</td>\n",
       "      <td>3.64</td>\n",
       "      <td>0.115</td>\n",
       "      <td>0.692</td>\n",
       "      <td>0.30</td>\n",
       "      <td>Fine</td>\n",
       "      <td>11605.950470</td>\n",
       "      <td>Meta-sedimentary</td>\n",
       "      <td>Wacke, mudrock et schiste</td>\n",
       "    </tr>\n",
       "    <tr>\n",
       "      <th>3</th>\n",
       "      <td>007a</td>\n",
       "      <td>Slight</td>\n",
       "      <td>716966</td>\n",
       "      <td>5323165</td>\n",
       "      <td>2016</td>\n",
       "      <td>Surface</td>\n",
       "      <td>Surface (2016)</td>\n",
       "      <td>14.2</td>\n",
       "      <td>3.02</td>\n",
       "      <td>3.77</td>\n",
       "      <td>...</td>\n",
       "      <td>1.81</td>\n",
       "      <td>0.056</td>\n",
       "      <td>3.75</td>\n",
       "      <td>0.067</td>\n",
       "      <td>1.170</td>\n",
       "      <td>0.40</td>\n",
       "      <td>Medium</td>\n",
       "      <td>10492.123050</td>\n",
       "      <td>Meta-sedimentary</td>\n",
       "      <td>Wacke, mudrock et schiste</td>\n",
       "    </tr>\n",
       "    <tr>\n",
       "      <th>4</th>\n",
       "      <td>009a</td>\n",
       "      <td>Slight</td>\n",
       "      <td>718028</td>\n",
       "      <td>5338822</td>\n",
       "      <td>2016</td>\n",
       "      <td>Surface</td>\n",
       "      <td>Surface (2016)</td>\n",
       "      <td>13.4</td>\n",
       "      <td>3.50</td>\n",
       "      <td>3.81</td>\n",
       "      <td>...</td>\n",
       "      <td>1.98</td>\n",
       "      <td>0.054</td>\n",
       "      <td>3.46</td>\n",
       "      <td>0.133</td>\n",
       "      <td>0.606</td>\n",
       "      <td>0.20</td>\n",
       "      <td>Medium</td>\n",
       "      <td>4322.272920</td>\n",
       "      <td>Mafic/Ultramafic</td>\n",
       "      <td>Andésite et volcanoclastites mafiques</td>\n",
       "    </tr>\n",
       "  </tbody>\n",
       "</table>\n",
       "<p>5 rows × 21 columns</p>\n",
       "</div>"
      ],
      "text/plain": [
       "  Sample_ID Oxidation       X        Y  Year     Type          Sample  Al2O3  \\\n",
       "0      001a    Slight  712587  5331728  2016  Surface  Surface (2016)   13.3   \n",
       "1      004a    Slight  706551  5333381  2016  Surface  Surface (2016)   14.2   \n",
       "2      005a    Slight  706274  5325153  2016  Surface  Surface (2016)   13.0   \n",
       "3      007a    Slight  716966  5323165  2016  Surface  Surface (2016)   14.2   \n",
       "4      009a    Slight  718028  5338822  2016  Surface  Surface (2016)   13.4   \n",
       "\n",
       "    CaO  Fe2O3  ...   MgO    MnO  Na2O   P2O5   TiO2  Depth_m  \\\n",
       "0  3.82   3.43  ...  1.82  0.055  3.78  0.168  0.639     0.35   \n",
       "1  3.56   3.52  ...  1.64  0.052  3.69  0.162  0.645     0.10   \n",
       "2  3.42   3.06  ...  1.61  0.052  3.64  0.115  0.692     0.30   \n",
       "3  3.02   3.77  ...  1.81  0.056  3.75  0.067  1.170     0.40   \n",
       "4  3.50   3.81  ...  1.98  0.054  3.46  0.133  0.606     0.20   \n",
       "\n",
       "   Grain_size_group Distance_to_pit_m  Underlying Bedrock  \\\n",
       "0            Medium       2725.103005    Meta-sedimentary   \n",
       "1            Medium       6689.690932    Meta-sedimentary   \n",
       "2              Fine      11605.950470    Meta-sedimentary   \n",
       "3            Medium      10492.123050    Meta-sedimentary   \n",
       "4            Medium       4322.272920    Mafic/Ultramafic   \n",
       "\n",
       "                          Bedrock_detail  \n",
       "0              Wacke, mudrock et schiste  \n",
       "1              Wacke, mudrock et schiste  \n",
       "2              Wacke, mudrock et schiste  \n",
       "3              Wacke, mudrock et schiste  \n",
       "4  Andésite et volcanoclastites mafiques  \n",
       "\n",
       "[5 rows x 21 columns]"
      ]
     },
     "execution_count": 3,
     "metadata": {},
     "output_type": "execute_result"
    }
   ],
   "source": [
    "df.head()"
   ]
  },
  {
   "cell_type": "code",
   "execution_count": 4,
   "metadata": {},
   "outputs": [
    {
     "data": {
      "text/html": [
       "<div>\n",
       "<style scoped>\n",
       "    .dataframe tbody tr th:only-of-type {\n",
       "        vertical-align: middle;\n",
       "    }\n",
       "\n",
       "    .dataframe tbody tr th {\n",
       "        vertical-align: top;\n",
       "    }\n",
       "\n",
       "    .dataframe thead th {\n",
       "        text-align: right;\n",
       "    }\n",
       "</style>\n",
       "<table border=\"1\" class=\"dataframe\">\n",
       "  <thead>\n",
       "    <tr style=\"text-align: right;\">\n",
       "      <th></th>\n",
       "      <th>Al2O3</th>\n",
       "      <th>CaO</th>\n",
       "      <th>Fe2O3</th>\n",
       "      <th>K2O</th>\n",
       "      <th>MgO</th>\n",
       "      <th>Na2O</th>\n",
       "      <th>P2O5</th>\n",
       "      <th>TiO2</th>\n",
       "    </tr>\n",
       "  </thead>\n",
       "  <tbody>\n",
       "    <tr>\n",
       "      <th>0</th>\n",
       "      <td>13.3</td>\n",
       "      <td>3.82</td>\n",
       "      <td>3.43</td>\n",
       "      <td>1.26</td>\n",
       "      <td>1.82</td>\n",
       "      <td>3.78</td>\n",
       "      <td>0.168</td>\n",
       "      <td>0.639</td>\n",
       "    </tr>\n",
       "    <tr>\n",
       "      <th>1</th>\n",
       "      <td>14.2</td>\n",
       "      <td>3.56</td>\n",
       "      <td>3.52</td>\n",
       "      <td>1.28</td>\n",
       "      <td>1.64</td>\n",
       "      <td>3.69</td>\n",
       "      <td>0.162</td>\n",
       "      <td>0.645</td>\n",
       "    </tr>\n",
       "    <tr>\n",
       "      <th>2</th>\n",
       "      <td>13.0</td>\n",
       "      <td>3.42</td>\n",
       "      <td>3.06</td>\n",
       "      <td>1.26</td>\n",
       "      <td>1.61</td>\n",
       "      <td>3.64</td>\n",
       "      <td>0.115</td>\n",
       "      <td>0.692</td>\n",
       "    </tr>\n",
       "    <tr>\n",
       "      <th>3</th>\n",
       "      <td>14.2</td>\n",
       "      <td>3.02</td>\n",
       "      <td>3.77</td>\n",
       "      <td>1.72</td>\n",
       "      <td>1.81</td>\n",
       "      <td>3.75</td>\n",
       "      <td>0.067</td>\n",
       "      <td>1.170</td>\n",
       "    </tr>\n",
       "    <tr>\n",
       "      <th>4</th>\n",
       "      <td>13.4</td>\n",
       "      <td>3.50</td>\n",
       "      <td>3.81</td>\n",
       "      <td>1.24</td>\n",
       "      <td>1.98</td>\n",
       "      <td>3.46</td>\n",
       "      <td>0.133</td>\n",
       "      <td>0.606</td>\n",
       "    </tr>\n",
       "    <tr>\n",
       "      <th>...</th>\n",
       "      <td>...</td>\n",
       "      <td>...</td>\n",
       "      <td>...</td>\n",
       "      <td>...</td>\n",
       "      <td>...</td>\n",
       "      <td>...</td>\n",
       "      <td>...</td>\n",
       "      <td>...</td>\n",
       "    </tr>\n",
       "    <tr>\n",
       "      <th>67</th>\n",
       "      <td>14.2</td>\n",
       "      <td>3.64</td>\n",
       "      <td>4.06</td>\n",
       "      <td>1.24</td>\n",
       "      <td>1.92</td>\n",
       "      <td>3.95</td>\n",
       "      <td>0.147</td>\n",
       "      <td>0.644</td>\n",
       "    </tr>\n",
       "    <tr>\n",
       "      <th>68</th>\n",
       "      <td>13.2</td>\n",
       "      <td>3.79</td>\n",
       "      <td>3.37</td>\n",
       "      <td>1.18</td>\n",
       "      <td>1.80</td>\n",
       "      <td>3.70</td>\n",
       "      <td>0.140</td>\n",
       "      <td>0.625</td>\n",
       "    </tr>\n",
       "    <tr>\n",
       "      <th>69</th>\n",
       "      <td>14.6</td>\n",
       "      <td>3.65</td>\n",
       "      <td>4.08</td>\n",
       "      <td>1.42</td>\n",
       "      <td>2.25</td>\n",
       "      <td>3.82</td>\n",
       "      <td>0.108</td>\n",
       "      <td>0.647</td>\n",
       "    </tr>\n",
       "    <tr>\n",
       "      <th>70</th>\n",
       "      <td>14.2</td>\n",
       "      <td>3.60</td>\n",
       "      <td>3.25</td>\n",
       "      <td>1.08</td>\n",
       "      <td>1.59</td>\n",
       "      <td>3.69</td>\n",
       "      <td>0.145</td>\n",
       "      <td>0.649</td>\n",
       "    </tr>\n",
       "    <tr>\n",
       "      <th>71</th>\n",
       "      <td>14.2</td>\n",
       "      <td>3.86</td>\n",
       "      <td>4.01</td>\n",
       "      <td>1.23</td>\n",
       "      <td>2.01</td>\n",
       "      <td>3.87</td>\n",
       "      <td>0.159</td>\n",
       "      <td>0.671</td>\n",
       "    </tr>\n",
       "  </tbody>\n",
       "</table>\n",
       "<p>72 rows × 8 columns</p>\n",
       "</div>"
      ],
      "text/plain": [
       "    Al2O3   CaO  Fe2O3   K2O   MgO  Na2O   P2O5   TiO2\n",
       "0    13.3  3.82   3.43  1.26  1.82  3.78  0.168  0.639\n",
       "1    14.2  3.56   3.52  1.28  1.64  3.69  0.162  0.645\n",
       "2    13.0  3.42   3.06  1.26  1.61  3.64  0.115  0.692\n",
       "3    14.2  3.02   3.77  1.72  1.81  3.75  0.067  1.170\n",
       "4    13.4  3.50   3.81  1.24  1.98  3.46  0.133  0.606\n",
       "..    ...   ...    ...   ...   ...   ...    ...    ...\n",
       "67   14.2  3.64   4.06  1.24  1.92  3.95  0.147  0.644\n",
       "68   13.2  3.79   3.37  1.18  1.80  3.70  0.140  0.625\n",
       "69   14.6  3.65   4.08  1.42  2.25  3.82  0.108  0.647\n",
       "70   14.2  3.60   3.25  1.08  1.59  3.69  0.145  0.649\n",
       "71   14.2  3.86   4.01  1.23  2.01  3.87  0.159  0.671\n",
       "\n",
       "[72 rows x 8 columns]"
      ]
     },
     "execution_count": 4,
     "metadata": {},
     "output_type": "execute_result"
    }
   ],
   "source": [
    "#Extracting features; dropping MnO to have just 8 features/variables\n",
    "\n",
    "Sub_df=df[['Al2O3', 'CaO', 'Fe2O3', 'K2O', 'MgO', 'Na2O', 'P2O5', 'TiO2']].copy()   \n",
    "Sub_df"
   ]
  },
  {
   "cell_type": "code",
   "execution_count": 5,
   "metadata": {},
   "outputs": [
    {
     "data": {
      "text/plain": [
       "array([[13.3  ,  3.82 ,  3.43 ,  1.26 ,  1.82 ,  3.78 ,  0.168,  0.639],\n",
       "       [14.2  ,  3.56 ,  3.52 ,  1.28 ,  1.64 ,  3.69 ,  0.162,  0.645],\n",
       "       [13.   ,  3.42 ,  3.06 ,  1.26 ,  1.61 ,  3.64 ,  0.115,  0.692],\n",
       "       [14.2  ,  3.02 ,  3.77 ,  1.72 ,  1.81 ,  3.75 ,  0.067,  1.17 ],\n",
       "       [13.4  ,  3.5  ,  3.81 ,  1.24 ,  1.98 ,  3.46 ,  0.133,  0.606],\n",
       "       [13.7  ,  3.36 ,  3.16 ,  1.16 ,  1.51 ,  3.73 ,  0.15 ,  0.575],\n",
       "       [14.   ,  3.51 ,  3.48 ,  1.08 ,  1.7  ,  3.91 ,  0.085,  0.646],\n",
       "       [14.9  ,  3.56 ,  4.17 ,  1.31 ,  2.16 ,  3.94 ,  0.104,  0.691],\n",
       "       [15.9  ,  2.84 ,  6.1  ,  1.78 ,  2.85 ,  3.07 ,  0.292,  0.636],\n",
       "       [14.2  ,  3.19 ,  3.82 ,  1.41 ,  2.15 ,  3.38 ,  0.139,  0.594],\n",
       "       [14.8  ,  3.03 ,  5.01 ,  1.76 ,  2.65 ,  3.33 ,  0.139,  0.619],\n",
       "       [16.2  ,  3.19 ,  3.81 ,  1.3  ,  2.   ,  3.98 ,  0.145,  0.629],\n",
       "       [14.7  ,  3.71 ,  4.9  ,  1.16 ,  1.8  ,  3.94 ,  0.204,  0.754],\n",
       "       [15.1  ,  3.58 ,  4.58 ,  1.23 ,  1.8  ,  4.02 ,  0.208,  0.656],\n",
       "       [14.8  ,  3.34 ,  4.47 ,  1.34 ,  3.01 ,  3.59 ,  0.139,  0.63 ],\n",
       "       [14.7  ,  3.17 ,  4.61 ,  1.26 ,  2.33 ,  3.91 ,  0.131,  0.685],\n",
       "       [15.7  ,  3.14 ,  4.57 ,  1.44 ,  2.21 ,  3.94 ,  0.145,  0.626],\n",
       "       [14.7  ,  3.11 ,  4.23 ,  1.48 ,  2.26 ,  3.57 ,  0.075,  0.566],\n",
       "       [16.6  ,  2.75 ,  4.82 ,  1.33 ,  1.83 ,  3.31 ,  0.168,  0.596],\n",
       "       [17.   ,  2.56 ,  8.21 ,  1.13 ,  2.61 ,  3.   ,  0.199,  0.598],\n",
       "       [13.8  ,  3.12 ,  3.46 ,  1.29 ,  1.63 ,  3.55 ,  0.074,  0.532],\n",
       "       [13.6  ,  3.39 ,  3.36 ,  1.21 ,  1.55 ,  3.76 ,  0.159,  0.572],\n",
       "       [14.   ,  2.71 ,  3.14 ,  1.4  ,  1.65 ,  3.46 ,  0.063,  0.666],\n",
       "       [14.3  ,  2.88 ,  3.26 ,  1.37 ,  1.44 ,  3.65 ,  0.087,  0.627],\n",
       "       [12.3  ,  1.94 ,  1.45 ,  1.63 ,  0.67 ,  2.86 ,  0.081,  1.2  ],\n",
       "       [13.8  ,  2.59 ,  3.17 ,  1.39 ,  1.16 ,  3.3  ,  0.058,  0.746],\n",
       "       [11.2  ,  1.36 ,  7.93 ,  0.608,  1.04 ,  1.4  ,  0.373,  0.457],\n",
       "       [14.8  ,  2.74 ,  5.04 ,  1.2  ,  2.07 ,  3.07 ,  0.157,  0.548],\n",
       "       [13.   ,  2.68 ,  2.37 ,  1.68 ,  1.36 ,  3.91 ,  0.051,  0.808],\n",
       "       [13.2  ,  3.2  ,  3.8  ,  1.44 ,  2.19 ,  3.57 ,  0.111,  0.588],\n",
       "       [13.7  ,  2.98 ,  3.41 ,  0.951,  1.73 ,  3.56 ,  0.094,  0.666],\n",
       "       [13.3  ,  3.3  ,  3.26 ,  1.21 ,  1.84 ,  3.52 ,  0.154,  0.637],\n",
       "       [14.8  ,  2.66 ,  3.49 ,  1.46 ,  1.64 ,  3.63 ,  0.073,  0.674],\n",
       "       [13.5  ,  3.49 ,  3.78 ,  1.26 ,  1.74 ,  3.46 ,  0.16 ,  0.588],\n",
       "       [12.9  ,  2.32 ,  1.81 ,  1.23 ,  0.842,  3.74 ,  0.057,  0.856],\n",
       "       [16.   ,  2.4  ,  5.7  ,  1.11 ,  1.87 ,  2.99 ,  0.128,  0.622],\n",
       "       [14.   ,  2.24 ,  7.4  ,  1.24 ,  2.35 ,  2.61 ,  0.276,  0.699],\n",
       "       [15.8  ,  2.05 ,  7.01 ,  0.637,  2.08 ,  2.09 ,  0.254,  0.448],\n",
       "       [14.   ,  3.08 ,  3.88 ,  1.4  ,  2.28 ,  3.48 ,  0.124,  0.593],\n",
       "       [12.7  ,  2.45 ,  4.65 ,  1.12 ,  1.7  ,  2.76 ,  0.083,  0.599],\n",
       "       [14.8  ,  2.26 ,  6.44 ,  1.06 ,  1.62 ,  3.02 ,  0.15 ,  0.726],\n",
       "       [13.   ,  3.76 ,  3.5  ,  1.3  ,  1.73 ,  3.71 ,  0.174,  0.565],\n",
       "       [13.   ,  3.48 ,  3.67 ,  1.25 ,  1.9  ,  3.64 ,  0.168,  0.53 ],\n",
       "       [15.2  ,  4.71 ,  8.52 ,  2.28 ,  3.85 ,  3.67 ,  0.485,  1.04 ],\n",
       "       [13.6  ,  3.47 ,  4.19 ,  1.66 ,  2.42 ,  3.55 ,  0.157,  0.562],\n",
       "       [13.1  ,  3.4  ,  3.6  ,  1.33 ,  1.97 ,  3.8  ,  0.165,  0.549],\n",
       "       [12.9  ,  3.79 ,  3.66 ,  1.18 ,  2.17 ,  3.69 ,  0.179,  0.582],\n",
       "       [11.9  ,  4.11 ,  5.03 ,  1.24 ,  2.48 ,  3.21 ,  0.156,  0.604],\n",
       "       [14.2  ,  3.85 ,  4.36 ,  1.5  ,  2.34 ,  3.88 ,  0.249,  0.596],\n",
       "       [14.   ,  4.8  ,  7.45 ,  1.24 ,  3.58 ,  3.38 ,  0.199,  0.771],\n",
       "       [12.2  ,  4.14 ,  4.89 ,  1.33 ,  3.83 ,  3.24 ,  0.16 ,  0.587],\n",
       "       [14.1  ,  3.54 ,  4.61 ,  1.55 ,  2.58 ,  3.61 ,  0.22 ,  0.64 ],\n",
       "       [13.9  ,  3.8  ,  4.14 ,  1.51 ,  2.49 ,  3.67 ,  0.174,  0.568],\n",
       "       [15.4  ,  3.42 ,  5.06 ,  1.67 ,  2.4  ,  3.83 ,  0.21 ,  0.634],\n",
       "       [16.   ,  3.15 ,  5.08 ,  1.47 ,  3.2  ,  3.46 ,  0.134,  0.648],\n",
       "       [14.5  ,  3.34 ,  3.19 ,  1.17 ,  1.75 ,  3.64 ,  0.149,  0.565],\n",
       "       [13.8  ,  3.29 ,  4.15 ,  1.3  ,  2.43 ,  3.59 ,  0.095,  0.612],\n",
       "       [14.8  ,  3.8  ,  3.26 ,  1.19 ,  1.76 ,  4.1  ,  0.14 ,  0.637],\n",
       "       [15.8  ,  3.86 ,  5.06 ,  1.32 ,  3.05 ,  3.85 ,  0.221,  0.691],\n",
       "       [16.5  ,  3.32 ,  5.4  ,  1.22 ,  2.63 ,  3.7  ,  0.129,  0.638],\n",
       "       [13.   ,  3.82 ,  3.57 ,  1.21 ,  1.78 ,  3.44 ,  0.154,  0.583],\n",
       "       [13.5  ,  3.51 ,  3.66 ,  1.33 ,  2.3  ,  3.61 ,  0.098,  0.604],\n",
       "       [14.6  ,  3.73 ,  3.44 ,  1.28 ,  2.05 ,  3.76 ,  0.154,  0.644],\n",
       "       [13.4  ,  3.33 ,  3.35 ,  1.05 ,  1.75 ,  3.7  ,  0.128,  0.535],\n",
       "       [14.   ,  3.48 ,  3.67 ,  1.29 ,  1.96 ,  3.82 ,  0.118,  0.585],\n",
       "       [13.9  ,  3.56 ,  4.02 ,  1.26 ,  2.3  ,  3.6  ,  0.132,  0.644],\n",
       "       [14.5  ,  4.03 ,  3.68 ,  1.38 ,  2.18 ,  3.67 ,  0.154,  0.66 ],\n",
       "       [14.2  ,  3.64 ,  4.06 ,  1.24 ,  1.92 ,  3.95 ,  0.147,  0.644],\n",
       "       [13.2  ,  3.79 ,  3.37 ,  1.18 ,  1.8  ,  3.7  ,  0.14 ,  0.625],\n",
       "       [14.6  ,  3.65 ,  4.08 ,  1.42 ,  2.25 ,  3.82 ,  0.108,  0.647],\n",
       "       [14.2  ,  3.6  ,  3.25 ,  1.08 ,  1.59 ,  3.69 ,  0.145,  0.649],\n",
       "       [14.2  ,  3.86 ,  4.01 ,  1.23 ,  2.01 ,  3.87 ,  0.159,  0.671]])"
      ]
     },
     "execution_count": 5,
     "metadata": {},
     "output_type": "execute_result"
    }
   ],
   "source": [
    "#Make a numpy array for easier matrix calculation\n",
    "\n",
    "arr=Sub_df.to_numpy()    \n",
    "arr"
   ]
  },
  {
   "cell_type": "code",
   "execution_count": 6,
   "metadata": {},
   "outputs": [
    {
     "data": {
      "text/plain": [
       "(72, 8)"
      ]
     },
     "execution_count": 6,
     "metadata": {},
     "output_type": "execute_result"
    }
   ],
   "source": [
    "#Get the number of elements in the array\n",
    "\n",
    "arr.shape"
   ]
  },
  {
   "cell_type": "markdown",
   "metadata": {},
   "source": [
    "# CLR Transformation step"
   ]
  },
  {
   "cell_type": "code",
   "execution_count": 7,
   "metadata": {},
   "outputs": [
    {
     "data": {
      "text/plain": [
       "array([1.88905292, 1.86124905, 1.72921533, 1.86752726, 1.82367789,\n",
       "       1.73462749, 1.6927367 , 1.91013086, 2.30494763, 1.86504682,\n",
       "       2.04024014, 1.92149039, 2.07080614, 2.04061952, 2.02269127,\n",
       "       1.96389302, 2.00040234, 1.7738495 , 1.91049876, 2.09859345,\n",
       "       1.60382637, 1.77683456, 1.58559121, 1.64158587, 1.34174873,\n",
       "       1.50331142, 1.43744095, 1.84470372, 1.53233641, 1.81534983,\n",
       "       1.63491899, 1.79959032, 1.66391776, 1.83239047, 1.3374397 ,\n",
       "       1.79578887, 2.07260008, 1.70539003, 1.84907115, 1.57466423,\n",
       "       1.82238011, 1.85521838, 1.83365384, 3.15876706, 1.99289204,\n",
       "       1.86219994, 1.90867404, 1.97213703, 2.16447464, 2.41383067,\n",
       "       2.10318666, 2.15649309, 2.03853107, 2.19794362, 2.0884048 ,\n",
       "       1.77136535, 1.82717554, 1.85533242, 2.28007938, 2.03056986,\n",
       "       1.8153213 , 1.80637934, 1.91821507, 1.69950847, 1.81777466,\n",
       "       1.9090572 , 1.98528744, 1.92278122, 1.81144819, 1.92097193,\n",
       "       1.7761996 , 1.96729268])"
      ]
     },
     "execution_count": 7,
     "metadata": {},
     "output_type": "execute_result"
    }
   ],
   "source": [
    "#Get the geometric mean of each row\n",
    "\n",
    "arr_2=gmean(arr, axis=1)\n",
    "arr_2"
   ]
  },
  {
   "cell_type": "code",
   "execution_count": 8,
   "metadata": {},
   "outputs": [
    {
     "data": {
      "text/plain": [
       "(72,)"
      ]
     },
     "execution_count": 8,
     "metadata": {},
     "output_type": "execute_result"
    }
   ],
   "source": [
    "arr_2.shape"
   ]
  },
  {
   "cell_type": "code",
   "execution_count": 9,
   "metadata": {},
   "outputs": [
    {
     "data": {
      "text/plain": [
       "array([[13.3  , 14.2  , 13.   , 14.2  , 13.4  , 13.7  , 14.   , 14.9  ,\n",
       "        15.9  , 14.2  , 14.8  , 16.2  , 14.7  , 15.1  , 14.8  , 14.7  ,\n",
       "        15.7  , 14.7  , 16.6  , 17.   , 13.8  , 13.6  , 14.   , 14.3  ,\n",
       "        12.3  , 13.8  , 11.2  , 14.8  , 13.   , 13.2  , 13.7  , 13.3  ,\n",
       "        14.8  , 13.5  , 12.9  , 16.   , 14.   , 15.8  , 14.   , 12.7  ,\n",
       "        14.8  , 13.   , 13.   , 15.2  , 13.6  , 13.1  , 12.9  , 11.9  ,\n",
       "        14.2  , 14.   , 12.2  , 14.1  , 13.9  , 15.4  , 16.   , 14.5  ,\n",
       "        13.8  , 14.8  , 15.8  , 16.5  , 13.   , 13.5  , 14.6  , 13.4  ,\n",
       "        14.   , 13.9  , 14.5  , 14.2  , 13.2  , 14.6  , 14.2  , 14.2  ],\n",
       "       [ 3.82 ,  3.56 ,  3.42 ,  3.02 ,  3.5  ,  3.36 ,  3.51 ,  3.56 ,\n",
       "         2.84 ,  3.19 ,  3.03 ,  3.19 ,  3.71 ,  3.58 ,  3.34 ,  3.17 ,\n",
       "         3.14 ,  3.11 ,  2.75 ,  2.56 ,  3.12 ,  3.39 ,  2.71 ,  2.88 ,\n",
       "         1.94 ,  2.59 ,  1.36 ,  2.74 ,  2.68 ,  3.2  ,  2.98 ,  3.3  ,\n",
       "         2.66 ,  3.49 ,  2.32 ,  2.4  ,  2.24 ,  2.05 ,  3.08 ,  2.45 ,\n",
       "         2.26 ,  3.76 ,  3.48 ,  4.71 ,  3.47 ,  3.4  ,  3.79 ,  4.11 ,\n",
       "         3.85 ,  4.8  ,  4.14 ,  3.54 ,  3.8  ,  3.42 ,  3.15 ,  3.34 ,\n",
       "         3.29 ,  3.8  ,  3.86 ,  3.32 ,  3.82 ,  3.51 ,  3.73 ,  3.33 ,\n",
       "         3.48 ,  3.56 ,  4.03 ,  3.64 ,  3.79 ,  3.65 ,  3.6  ,  3.86 ],\n",
       "       [ 3.43 ,  3.52 ,  3.06 ,  3.77 ,  3.81 ,  3.16 ,  3.48 ,  4.17 ,\n",
       "         6.1  ,  3.82 ,  5.01 ,  3.81 ,  4.9  ,  4.58 ,  4.47 ,  4.61 ,\n",
       "         4.57 ,  4.23 ,  4.82 ,  8.21 ,  3.46 ,  3.36 ,  3.14 ,  3.26 ,\n",
       "         1.45 ,  3.17 ,  7.93 ,  5.04 ,  2.37 ,  3.8  ,  3.41 ,  3.26 ,\n",
       "         3.49 ,  3.78 ,  1.81 ,  5.7  ,  7.4  ,  7.01 ,  3.88 ,  4.65 ,\n",
       "         6.44 ,  3.5  ,  3.67 ,  8.52 ,  4.19 ,  3.6  ,  3.66 ,  5.03 ,\n",
       "         4.36 ,  7.45 ,  4.89 ,  4.61 ,  4.14 ,  5.06 ,  5.08 ,  3.19 ,\n",
       "         4.15 ,  3.26 ,  5.06 ,  5.4  ,  3.57 ,  3.66 ,  3.44 ,  3.35 ,\n",
       "         3.67 ,  4.02 ,  3.68 ,  4.06 ,  3.37 ,  4.08 ,  3.25 ,  4.01 ],\n",
       "       [ 1.26 ,  1.28 ,  1.26 ,  1.72 ,  1.24 ,  1.16 ,  1.08 ,  1.31 ,\n",
       "         1.78 ,  1.41 ,  1.76 ,  1.3  ,  1.16 ,  1.23 ,  1.34 ,  1.26 ,\n",
       "         1.44 ,  1.48 ,  1.33 ,  1.13 ,  1.29 ,  1.21 ,  1.4  ,  1.37 ,\n",
       "         1.63 ,  1.39 ,  0.608,  1.2  ,  1.68 ,  1.44 ,  0.951,  1.21 ,\n",
       "         1.46 ,  1.26 ,  1.23 ,  1.11 ,  1.24 ,  0.637,  1.4  ,  1.12 ,\n",
       "         1.06 ,  1.3  ,  1.25 ,  2.28 ,  1.66 ,  1.33 ,  1.18 ,  1.24 ,\n",
       "         1.5  ,  1.24 ,  1.33 ,  1.55 ,  1.51 ,  1.67 ,  1.47 ,  1.17 ,\n",
       "         1.3  ,  1.19 ,  1.32 ,  1.22 ,  1.21 ,  1.33 ,  1.28 ,  1.05 ,\n",
       "         1.29 ,  1.26 ,  1.38 ,  1.24 ,  1.18 ,  1.42 ,  1.08 ,  1.23 ],\n",
       "       [ 1.82 ,  1.64 ,  1.61 ,  1.81 ,  1.98 ,  1.51 ,  1.7  ,  2.16 ,\n",
       "         2.85 ,  2.15 ,  2.65 ,  2.   ,  1.8  ,  1.8  ,  3.01 ,  2.33 ,\n",
       "         2.21 ,  2.26 ,  1.83 ,  2.61 ,  1.63 ,  1.55 ,  1.65 ,  1.44 ,\n",
       "         0.67 ,  1.16 ,  1.04 ,  2.07 ,  1.36 ,  2.19 ,  1.73 ,  1.84 ,\n",
       "         1.64 ,  1.74 ,  0.842,  1.87 ,  2.35 ,  2.08 ,  2.28 ,  1.7  ,\n",
       "         1.62 ,  1.73 ,  1.9  ,  3.85 ,  2.42 ,  1.97 ,  2.17 ,  2.48 ,\n",
       "         2.34 ,  3.58 ,  3.83 ,  2.58 ,  2.49 ,  2.4  ,  3.2  ,  1.75 ,\n",
       "         2.43 ,  1.76 ,  3.05 ,  2.63 ,  1.78 ,  2.3  ,  2.05 ,  1.75 ,\n",
       "         1.96 ,  2.3  ,  2.18 ,  1.92 ,  1.8  ,  2.25 ,  1.59 ,  2.01 ],\n",
       "       [ 3.78 ,  3.69 ,  3.64 ,  3.75 ,  3.46 ,  3.73 ,  3.91 ,  3.94 ,\n",
       "         3.07 ,  3.38 ,  3.33 ,  3.98 ,  3.94 ,  4.02 ,  3.59 ,  3.91 ,\n",
       "         3.94 ,  3.57 ,  3.31 ,  3.   ,  3.55 ,  3.76 ,  3.46 ,  3.65 ,\n",
       "         2.86 ,  3.3  ,  1.4  ,  3.07 ,  3.91 ,  3.57 ,  3.56 ,  3.52 ,\n",
       "         3.63 ,  3.46 ,  3.74 ,  2.99 ,  2.61 ,  2.09 ,  3.48 ,  2.76 ,\n",
       "         3.02 ,  3.71 ,  3.64 ,  3.67 ,  3.55 ,  3.8  ,  3.69 ,  3.21 ,\n",
       "         3.88 ,  3.38 ,  3.24 ,  3.61 ,  3.67 ,  3.83 ,  3.46 ,  3.64 ,\n",
       "         3.59 ,  4.1  ,  3.85 ,  3.7  ,  3.44 ,  3.61 ,  3.76 ,  3.7  ,\n",
       "         3.82 ,  3.6  ,  3.67 ,  3.95 ,  3.7  ,  3.82 ,  3.69 ,  3.87 ],\n",
       "       [ 0.168,  0.162,  0.115,  0.067,  0.133,  0.15 ,  0.085,  0.104,\n",
       "         0.292,  0.139,  0.139,  0.145,  0.204,  0.208,  0.139,  0.131,\n",
       "         0.145,  0.075,  0.168,  0.199,  0.074,  0.159,  0.063,  0.087,\n",
       "         0.081,  0.058,  0.373,  0.157,  0.051,  0.111,  0.094,  0.154,\n",
       "         0.073,  0.16 ,  0.057,  0.128,  0.276,  0.254,  0.124,  0.083,\n",
       "         0.15 ,  0.174,  0.168,  0.485,  0.157,  0.165,  0.179,  0.156,\n",
       "         0.249,  0.199,  0.16 ,  0.22 ,  0.174,  0.21 ,  0.134,  0.149,\n",
       "         0.095,  0.14 ,  0.221,  0.129,  0.154,  0.098,  0.154,  0.128,\n",
       "         0.118,  0.132,  0.154,  0.147,  0.14 ,  0.108,  0.145,  0.159],\n",
       "       [ 0.639,  0.645,  0.692,  1.17 ,  0.606,  0.575,  0.646,  0.691,\n",
       "         0.636,  0.594,  0.619,  0.629,  0.754,  0.656,  0.63 ,  0.685,\n",
       "         0.626,  0.566,  0.596,  0.598,  0.532,  0.572,  0.666,  0.627,\n",
       "         1.2  ,  0.746,  0.457,  0.548,  0.808,  0.588,  0.666,  0.637,\n",
       "         0.674,  0.588,  0.856,  0.622,  0.699,  0.448,  0.593,  0.599,\n",
       "         0.726,  0.565,  0.53 ,  1.04 ,  0.562,  0.549,  0.582,  0.604,\n",
       "         0.596,  0.771,  0.587,  0.64 ,  0.568,  0.634,  0.648,  0.565,\n",
       "         0.612,  0.637,  0.691,  0.638,  0.583,  0.604,  0.644,  0.535,\n",
       "         0.585,  0.644,  0.66 ,  0.644,  0.625,  0.647,  0.649,  0.671]])"
      ]
     },
     "execution_count": 9,
     "metadata": {},
     "output_type": "execute_result"
    }
   ],
   "source": [
    "#Transpose array\n",
    "\n",
    "arrT=arr.T               \n",
    "arrT"
   ]
  },
  {
   "cell_type": "code",
   "execution_count": 10,
   "metadata": {},
   "outputs": [
    {
     "data": {
      "text/plain": [
       "(8, 72)"
      ]
     },
     "execution_count": 10,
     "metadata": {},
     "output_type": "execute_result"
    }
   ],
   "source": [
    "arrT.shape"
   ]
  },
  {
   "cell_type": "code",
   "execution_count": 11,
   "metadata": {},
   "outputs": [
    {
     "data": {
      "text/plain": [
       "array([[ 1.95168843e+00,  2.03199417e+00,  2.01728162e+00,\n",
       "         2.02862673e+00,  1.99439943e+00,  2.06660315e+00,\n",
       "         2.11271076e+00,  2.05418946e+00,  1.93126115e+00,\n",
       "         2.02995581e+00,  1.98155967e+00,  2.13191011e+00,\n",
       "         1.95990952e+00,  2.00144130e+00,  1.99019825e+00,\n",
       "         2.01291876e+00,  2.06031238e+00,  2.11469545e+00,\n",
       "         2.16203836e+00,  2.09194601e+00,  2.15227634e+00,\n",
       "         2.03523635e+00,  2.17809999e+00,  2.16459677e+00,\n",
       "         2.21562548e+00,  2.21699830e+00,  2.05304936e+00,\n",
       "         2.08230850e+00,  2.13815572e+00,  1.98393864e+00,\n",
       "         2.12580258e+00,  2.00020500e+00,  2.18545226e+00,\n",
       "         1.99706830e+00,  2.26647019e+00,  2.18714431e+00,\n",
       "         1.91025343e+00,  2.22621610e+00,  2.02437390e+00,\n",
       "         2.08755993e+00,  2.09448378e+00,  1.94694694e+00,\n",
       "         1.95863875e+00,  1.57111365e+00,  1.92048292e+00,\n",
       "         1.95085368e+00,  1.91081853e+00,  1.79742066e+00,\n",
       "         1.88106429e+00,  1.75784235e+00,  1.75798230e+00,\n",
       "         1.87769147e+00,  1.91965936e+00,  1.94684530e+00,\n",
       "         2.03618820e+00,  2.10239802e+00,  2.02189724e+00,\n",
       "         2.07656330e+00,  1.93579968e+00,  2.09504391e+00,\n",
       "         1.96868688e+00,  2.01136521e+00,  2.02962642e+00,\n",
       "         2.06491563e+00,  2.04144429e+00,  1.98527933e+00,\n",
       "         1.98838494e+00,  1.99946927e+00,  1.98609020e+00,\n",
       "         2.02819026e+00,  2.07876594e+00,  1.97658364e+00],\n",
       "       [ 7.04174819e-01,  6.48512748e-01,  6.81972810e-01,\n",
       "         4.80641599e-01,  6.51907689e-01,  6.61148286e-01,\n",
       "         7.29269471e-01,  6.22588790e-01,  2.08746095e-01,\n",
       "         5.36734760e-01,  3.95495105e-01,  5.06919785e-01,\n",
       "         5.83093905e-01,  5.62109352e-01,  5.01541871e-01,\n",
       "         4.78802850e-01,  4.50874472e-01,  5.61470683e-01,\n",
       "         3.64236571e-01,  1.98739922e-01,  6.65440746e-01,\n",
       "         6.45996475e-01,  5.35991295e-01,  5.62127526e-01,\n",
       "         3.68714186e-01,  5.43987585e-01, -5.53797151e-02,\n",
       "         3.95639240e-01,  5.59023156e-01,  5.66872616e-01,\n",
       "         6.00330043e-01,  6.06363428e-01,  4.69151203e-01,\n",
       "         6.44280354e-01,  5.50810068e-01,  2.90024329e-01,\n",
       "         7.76719690e-02,  1.84045954e-01,  5.10246164e-01,\n",
       "         4.42045962e-01,  2.15221417e-01,  7.06416544e-01,\n",
       "         6.40721686e-01,  3.99506126e-01,  5.54567723e-01,\n",
       "         6.02016880e-01,  6.85957239e-01,  7.34305286e-01,\n",
       "         5.75895477e-01,  6.87400942e-01,  6.77242138e-01,\n",
       "         4.95643396e-01,  6.22771582e-01,  4.42118346e-01,\n",
       "         4.11001931e-01,  6.34220173e-01,  5.88116211e-01,\n",
       "         7.16937185e-01,  5.26456927e-01,  4.91648311e-01,\n",
       "         7.43987947e-01,  6.64291559e-01,  6.65013130e-01,\n",
       "         6.72633231e-01,  6.49419255e-01,  6.23151036e-01,\n",
       "         7.08002664e-01,  6.38210992e-01,  7.38239390e-01,\n",
       "         6.41895898e-01,  7.06457818e-01,  6.74008862e-01],\n",
       "       [ 5.96484658e-01,  6.37213193e-01,  5.70747174e-01,\n",
       "         7.02459769e-01,  7.36773910e-01,  5.99779340e-01,\n",
       "         7.20685728e-01,  7.80744281e-01,  9.73230814e-01,\n",
       "         7.16964266e-01,  8.98368401e-01,  6.84528057e-01,\n",
       "         8.61297234e-01,  8.08445549e-01,  7.92959473e-01,\n",
       "         8.53299119e-01,  8.26164877e-01,  8.69049950e-01,\n",
       "         9.25409588e-01,  1.36408559e+00,  7.68876334e-01,\n",
       "         6.37107528e-01,  6.83265460e-01,  6.86064427e-01,\n",
       "         7.75897693e-02,  7.46061297e-01,  1.70778862e+00,\n",
       "         1.00508740e+00,  4.36096317e-01,  7.38722873e-01,\n",
       "         7.35119034e-01,  5.94168155e-01,  7.40726816e-01,\n",
       "         7.24102627e-01,  3.02569727e-01,  1.15502177e+00,\n",
       "         1.27267610e+00,  1.41354386e+00,  7.41151721e-01,\n",
       "         1.08282516e+00,  1.26238514e+00,  6.34760555e-01,\n",
       "         6.93881055e-01,  9.92234559e-01,  7.43113863e-01,\n",
       "         6.59175293e-01,  6.51054368e-01,  9.36302242e-01,\n",
       "         7.00294386e-01,  1.12699906e+00,  8.43738654e-01,\n",
       "         7.59744526e-01,  7.08466303e-01,  8.33844279e-01,\n",
       "         8.88910740e-01,  5.88270283e-01,  8.20336980e-01,\n",
       "         5.63663314e-01,  7.97156227e-01,  9.78082482e-01,\n",
       "         6.76303121e-01,  7.06138669e-01,  5.84076367e-01,\n",
       "         6.78621273e-01,  7.02578623e-01,  7.44672394e-01,\n",
       "         6.17149040e-01,  7.47410284e-01,  6.20786116e-01,\n",
       "         7.53265719e-01,  6.04178968e-01,  7.12132920e-01],\n",
       "       [-4.04963882e-01, -3.74387718e-01, -3.16556021e-01,\n",
       "        -8.22909420e-02, -3.85743900e-01, -4.02372682e-01,\n",
       "        -4.49385525e-01, -3.77144618e-01, -2.58444593e-01,\n",
       "        -2.79696452e-01, -1.47753705e-01, -3.90736867e-01,\n",
       "        -5.79517966e-01, -5.06239279e-01, -4.11759322e-01,\n",
       "        -4.43817017e-01, -3.28705215e-01, -1.81109955e-01,\n",
       "        -3.62185398e-01, -6.19049703e-01, -2.17750037e-01,\n",
       "        -3.84213087e-01, -1.24485103e-01, -1.80852029e-01,\n",
       "         1.94606228e-01, -7.83665440e-02, -8.60444812e-01,\n",
       "        -4.29997124e-01,  9.20001550e-02, -2.31635080e-01,\n",
       "        -5.41834473e-01, -3.96938680e-01, -1.30738484e-01,\n",
       "        -3.74509662e-01, -8.37429487e-02, -4.81084393e-01,\n",
       "        -5.13692517e-01, -9.84779462e-01, -2.78211196e-01,\n",
       "        -3.40713377e-01, -5.41874489e-01, -3.55638149e-01,\n",
       "        -3.83167056e-01, -3.26006339e-01, -1.82769268e-01,\n",
       "        -3.36579610e-01, -4.80894341e-01, -4.64006362e-01,\n",
       "        -3.66712563e-01, -6.66103597e-01, -4.58274707e-01,\n",
       "        -3.30228400e-01, -3.00119834e-01, -2.74698578e-01,\n",
       "        -3.51138121e-01, -4.14746885e-01, -3.40407089e-01,\n",
       "        -4.44110574e-01, -5.46578520e-01, -5.09465613e-01,\n",
       "        -4.05642116e-01, -3.06145536e-01, -4.04535026e-01,\n",
       "        -4.81548909e-01, -3.42970821e-01, -4.15497788e-01,\n",
       "        -3.63680213e-01, -4.38661310e-01, -4.28612190e-01,\n",
       "        -3.02174398e-01, -4.97514987e-01, -4.69644152e-01],\n",
       "       [-3.72391022e-02, -1.26551555e-01, -7.14335625e-02,\n",
       "        -3.12883876e-02,  8.22415654e-02, -1.38683037e-01,\n",
       "         4.28168489e-03,  1.22936467e-01,  2.12261037e-01,\n",
       "         1.42181685e-01,  2.61492125e-01,  4.00460489e-02,\n",
       "        -1.40151307e-01, -1.25466784e-01,  3.97511143e-01,\n",
       "         1.70939529e-01,  9.96441874e-02,  2.42212770e-01,\n",
       "        -4.30483734e-02,  2.18082885e-01,  1.61877593e-02,\n",
       "        -1.36578516e-01,  3.98179483e-02, -1.31019655e-01,\n",
       "        -6.94451354e-01, -2.59250286e-01, -3.23643702e-01,\n",
       "         1.15229927e-01, -1.19308939e-01,  1.87623350e-01,\n",
       "         5.65281515e-02,  2.22065316e-02, -1.44786781e-02,\n",
       "        -5.17362692e-02, -4.62732383e-01,  4.04940225e-02,\n",
       "         1.25611431e-01,  1.98574055e-01,  2.09492010e-01,\n",
       "         7.65861884e-02, -1.17717247e-01, -6.98810047e-02,\n",
       "         3.55432786e-02,  1.97891366e-01,  1.94180670e-01,\n",
       "         5.62749907e-02,  1.28318388e-01,  2.29140818e-01,\n",
       "         7.79732585e-02,  3.94147824e-01,  5.99411154e-01,\n",
       "         1.79306068e-01,  2.00053226e-01,  8.79465326e-02,\n",
       "         4.26750288e-01, -1.21348459e-02,  2.85119903e-01,\n",
       "        -5.27500726e-02,  2.90931334e-01,  2.58667375e-01,\n",
       "        -1.96491109e-02,  2.41584645e-01,  6.64446891e-02,\n",
       "         2.92767153e-02,  7.53314341e-02,  1.86299614e-01,\n",
       "         9.35611649e-02, -1.44750388e-03, -6.33996391e-03,\n",
       "         1.58098946e-01, -1.10742012e-01,  2.14764009e-02],\n",
       "       [ 6.93648406e-01,  6.84378662e-01,  7.44315940e-01,\n",
       "         6.97140607e-01,  6.40413310e-01,  7.65615546e-01,\n",
       "         8.37190808e-01,  7.24008968e-01,  2.86619604e-01,\n",
       "         5.94589553e-01,  4.89904789e-01,  7.28180688e-01,\n",
       "         6.43242752e-01,  6.78028454e-01,  5.73723267e-01,\n",
       "         6.88608636e-01,  6.77832395e-01,  6.99413553e-01,\n",
       "         5.49583849e-01,  3.57344952e-01,  7.94555348e-01,\n",
       "         7.49585511e-01,  7.80311249e-01,  7.99064399e-01,\n",
       "         7.56847838e-01,  7.86252177e-01, -2.63921783e-02,\n",
       "         5.09358881e-01,  9.36743736e-01,  6.76287402e-01,\n",
       "         7.78167288e-01,  6.70901950e-01,  7.80057728e-01,\n",
       "         6.35647207e-01,  1.02832849e+00,  5.09828979e-01,\n",
       "         2.30546324e-01,  2.03370227e-01,  6.32348861e-01,\n",
       "         5.61188617e-01,  5.05113435e-01,  6.93029463e-01,\n",
       "         6.85673074e-01,  1.50009880e-01,  5.77360733e-01,\n",
       "         7.13242515e-01,  6.59217678e-01,  4.87153195e-01,\n",
       "         5.83657483e-01,  3.36660733e-01,  4.32119680e-01,\n",
       "         5.15224441e-01,  5.87962177e-01,  5.55342598e-01,\n",
       "         5.04868067e-01,  7.20233048e-01,  6.75380849e-01,\n",
